Closest to down:
(u'billionthe', 0.4250863790512085)
(u'804', 0.3973962664604187)
(u'through', 0.35642170906066895)
(u'methods', 0.3466314375400543)
(u'venus', 0.3420688211917877)
(u'email', 0.3291773200035095)
(u'262', 0.3290918469429016)
(u'reduction', 0.3287159502506256)
(u'fee', 0.32633501291275024)
(u'accounts', 0.32328683137893677)
Closest to downturn:
(u'era', 0.3988591730594635)
(u'evacuates', 0.37963828444480896)
(u'highestpaid', 0.378120094537735)
(u'audits', 0.36932703852653503)
(u'observed', 0.3656541109085083)
(u'confluence', 0.3656095564365387)
(u'drastic', 0.36049866676330566)
(u'tumble', 0.3585755228996277)
(u'transcanada', 0.35431915521621704)
(u'reelectionprolonged', 0.3527785539627075)
Closest to crisis:
(u'fullscale', 0.43963003158569336)
(u'mortgagebacked', 0.4188392758369446)
(u'hottest', 0.3828509449958801)
(u'displayed', 0.3704608082771301)
(u'highmarks', 0.3695598840713501)
(u'romania', 0.36648720502853394)
(u'resilience', 0.36632299423217773)
(u'annexation', 0.3640880584716797)
(u'tripledigit', 0.3551710546016693)
(u'capricious', 0.3497058153152466)
Closest to enthusiasm:
(u'oval', 0.4264265298843384)
(u'brimmed', 0.4001151919364929)
(u'risen', 0.3830556571483612)
(u'worth', 0.36469876766204834)
(u'arrival', 0.3646693229675293)
(u'lunch', 0.353427529335022)
(u'guessing', 0.34649255871772766)
(u'7790', 0.3463849127292633)
(u'demanded', 0.3460494577884674)
(u'99', 0.3413105010986328)
Closest to revival:
(u'modestly', 0.6685575246810913)
(u'centuryold', 0.4751296639442444)
(u'rebounded', 0.46306973695755005)
(u'coalseam', 0.4501241445541382)
(u'tad', 0.4417050778865814)
(u'spree', 0.4212994873523712)
(u'burgeoning', 0.4157137870788574)
(u'fetch', 0.40417590737342834)
(u'lifting', 0.40312373638153076)
(u'ignore', 0.3938137888908386)
Closest to slump:
(u'memory', 0.45668143033981323)
(u'30abarrel', 0.4450077414512634)
(u'underscore', 0.3938112258911133)
(u'tumble', 0.3684527277946472)
(u'widespread', 0.3539087772369385)
(u'quarterly', 0.3501746654510498)
(u'rivaling', 0.3492571711540222)
(u'giantthis', 0.34618738293647766)
(u'treadmill', 0.3439893126487732)
(u'inquiry', 0.3436773717403412)
Closest to looms:
(u'showdown', 0.5625900030136108)
(u'washingtonexxon', 0.47054195404052734)
(u'damianpalettawsjcom', 0.4614275395870209)
(u'dismal', 0.4397745728492737)
(u'disregard', 0.4304174780845642)
(u'jamesmarsonwsjcom', 0.4288555681705475)
(u'bounce', 0.41895759105682373)
(u'oilexxon', 0.4147299826145172)
(u'negotiators', 0.41228199005126953)
(u'washingtondespite', 0.4110710918903351)
86.0
86.02
85.76
85.12
85.5
85.72
85.08
84.74
84.88
85.69
86.45
87.03
87.49
87.47
87.18
87.22
86.77
85.83
85.49
83.74
83.97
83.53
84.92
85.75
86.34
85.32
84.88
83.8
84.42
84.67
84.12
85.41
85.62
86.57
86.92
87.02
87.34
87.23
87.14
86.5
86.83
86.33
87.01
85.86
85.83
84.83
84.3
85.55
86.86
86.02
86.09
86.44
86.99
86.6
86.01
85.33
85.55
87.03
86.62
85.86
86.08
86.73
87.07
85.83
84.98
84.82
83.88
82.17
82.7
83.6
82.95
84.01
85.45
85.75
85.28
85.3
85.69
86.31
86.85
86.07
86.08
86.34
87.04
86.2
85.65
84.57
84.48
84.02
83.31
82.84
83.1
82.12
81.79
82.17
81.91
81.47
82.04
81.95
82.04
82.61
82.08
81.93
79.79
78.63
77.92
77.83
77.6
80.18
80.69
80.84
80.27
81.26
80.63
82.13
83.22
83.11
84.48
84.97
82.11
82.11
81.24
82.4
83.2
83.1
85.57
85.34
86.28
85.57
84.8
83.65
83.11
84.38
84.12
85.47
85.05
85.73
86.21
86.21
85.95
85.21
84.58
85.24
86.52
87.45
87.56
86.85
86.91
85.88
87.55
87.45
87.92
88.28
88.2
88.44
88.14
88.2
88.0
88.67
88.4
87.95
87.46
87.73
87.31
88.05
87.74
88.1
87.9
87.2
87.3
87.12
87.33
88.99
89.92
89.48
89.62
89.55
91.23
92.3
91.91
91.65
90.57
91.52
91.92
91.88
91.74
91.23
91.8
91.45
91.8
91.72
91.7
92.22
92.55
92.68
92.13
91.03
91.17
91.03
91.51
92.38
93.39
93.48
92.15
92.19
90.18
89.88
90.43
90.62
91.17
91.6
90.27
90.63
91.61
88.18
87.0695
87.21
87.32
86.47
86.07
86.14
86.45
87.67
87.5
88.01
89.09
88.62
87.35
88.1
88.12
88.14
87.61
87.19
87.73
88.0
88.6
88.41
88.99
89.45
88.58
88.08
88.87
89.56
88.4364
88.89
87.23
86.92
87.07
86.86
85.1
86.55
88.71
88.55
88.96
87.93
88.48
88.14
89.1
89.61
89.58
89.53
89.47
90.2
90.8
90.92
90.7
91.35
91.73
91.11
91.76
90.67
89.97
90.04
89.15
89.74
89.79
88.25
88.61
88.28
88.46
88.67
88.52
88.36
89.32
88.97
88.59
89.2
87.7
88.51
89.53
89.55
89.43
88.95
89.61
89.56
88.71
88.97
89.16
89.16
89.26
89.83
89.37
88.77
88.58
88.63
88.17
89.29
89.02
90.13
90.58
90.11
90.77
90.58
89.93
89.77
89.01
88.6
88.77
88.68
89.22
88.99
86.49
86.61
86.08
86.62
87.45
88.09
89.3
89.43
88.07
88.0
88.21
88.99
87.51
88.63
90.02
90.58
91.15
91.7
91.03
90.14
90.1
91.11
91.24
90.7
91.76
92.52
92.8
92.19
91.79
91.53
92.38
92.08
92.09
90.47
91.46
90.79
89.65
90.23
91.45
91.12
90.46
89.74
91.33
90.58
91.51
91.93
91.0
89.05
89.48
88.48
89.11
89.8
90.04
90.35
90.3
90.64
90.69
91.57
92.25
93.34
92.82
93.27
93.4
93.25
93.3
93.46
94.38
95.17
94.83
95.2
94.99
94.97
94.79
94.03
93.81
93.75
92.73
91.95
91.59
91.47
91.34
91.78
90.72
89.89
89.4
88.95
88.16
87.91
86.92
86.83
86.42
86.98
87.52
87.09
86.82
88.84
87.27
87.16
87.15
87.76
87.35
87.25
88.04
87.82
88.84
87.98
88.4
88.67
88.94
89.58
89.28
88.66
87.75
87.36
87.14
87.07
86.9
86.04
86.0
86.08
85.5
86.32
85.9
85.51
85.16
86.04
86.95
87.6
86.79
87.31
87.48
87.55
87.23
87.98
87.61
88.42
87.97
88.23
88.93
88.81
89.62
89.82
92.1
91.99
93.22
91.96
92.73
92.96
92.67
92.59
93.22
95.27
95.45
95.42
94.68
94.69
95.01
95.09
94.27
93.8
93.48
93.52
94.39
94.67
94.13
95.65
95.84
95.71
94.26
95.36
95.31
97.22
96.75
99.54
99.43
98.68
98.51
99.22
100.9
101.51
100.31
101.2
99.75
99.51
99.66
101.07
100.74
99.76
100.52
98.55
99.12
98.78
98.94
99.16
98.5
97.88
96.97
94.85
94.92
95.65
95.11
93.99
92.16
90.05
90.02
89.58
89.8
90.58
89.52
90.84
91.08
91.43
94.11
94.07
93.95
95.37
95.03
96.44
96.31
95.79
95.84
96.27
95.5
96.52
93.8
93.76
94.99
95.5
94.01
94.21
93.64
93.47
94.32
94.71
93.73
94.58
94.31
94.64
94.91
94.7
96.24
97.7
97.68
97.73
97.95
97.93
97.36
96.78
97.45
97.33
96.78
96.72
97.86
98.68
99.94
100.42
100.93
100.37
100.5
100.01
100.41
101.17
101.45
102.41
101.41
102.01
102.91
102.67
103.11
102.32
101.95
102.23
102.36
102.29
100.78
100.74
100.87
100.67
102.03
101.5
101.32
101.36
101.06
101.27
100.53
99.94
100.39
100.04
100.55
101.6
101.52
101.46
101.95
101.66
102.65
102.92
102.42
102.73
102.63
103.83
104.38
102.73
102.14
102.03
101.21
100.68
101.36
101.57
102.59
102.65
102.83
103.55
102.57
101.74
102.68
102.39
103.77
102.31
102.73
103.08
103.54
104.25
104.28
103.18
103.25
103.55
103.25
98.94
98.8
100.13
98.2
98.98
98.27
99.74
98.73
98.49
99.09
99.09
99.03
99.52
99.49
99.7
99.28
98.5
98.75
99.64
99.53
99.57
99.46
98.49
99.11
98.36
99.26
97.77
97.39
96.81
97.03
95.78
96.29
97.43
97.08
96.61
97.12
96.54
96.03
95.82
94.25
95.43
94.43
94.05
92.86
93.3
93.92
94.52
93.37
94.61
91.82
91.6
90.84
90.55
90.22
90.6
91.21
91.77
93.65
93.13
94.11
94.49
93.71
95.1
94.59
94.45
96.71
95.26
94.52
95.07
96.26
96.59
96.28
96.41
95.38
94.66
95.09
95.11
94.87
95.61
95.82
96.81
95.72
94.78
94.48
90.54
92.35
94.19
94.95
94.37
93.82
91.7
91.38
88.67
89.2
86.6
86.9
86.41
89.02
91.16
93.64
93.33
94.59
93.78
93.21
93.07
93.02
92.45
92.83
90.29
89.81
90.72
92.23
92.1
90.33
90.0
89.74
88.96
91.12
91.09
91.87
92.87
90.89
91.76
90.95
87.95
87.58
87.42
89.58
92.25
91.46
92.36
91.5
91.56
91.01
90.6
92.37
93.37
93.05
91.01
89.44
89.92
89.01
89.42
89.6
88.65
88.54
88.04
87.62
87.18
86.74
85.63
85.16
84.26
84.02
84.22
83.87
84.76
84.08
86.07
84.41
84.54
85.43
84.52
84.86
84.32
83.58
85.63
85.0
84.46
84.3
85.13
85.75
84.06
84.65
85.56
85.34
86.63
88.08
87.73
86.93
87.24
86.88
87.46
87.54
86.97
87.01
87.8
87.87
87.37
88.85
89.11
88.61
88.19
87.6
88.99
86.78
87.02
86.56
86.97
87.35
86.85
86.99
87.13
87.21
86.52
85.35
85.11
85.11
85.2
85.13
85.14
84.95
84.22
84.28
84.85
84.58
85.21
85.09
84.02
83.72
84.68
84.73
85.48
85.21
85.17
85.07
84.68
83.93
83.86
82.82
83.2
82.37
83.14
82.53
82.87
81.97
81.6
82.22
82.42
83.11
82.76
82.91
82.61
81.76
81.66
81.79
81.14
79.94
79.26
82.48
83.14
83.01
79.21
78.06
77.17
77.17
78.09
76.83
78.75
77.49
78.79
78.65
78.36
78.77
77.9
76.23
74.57
72.13
68.72
68.71
72.5
74.85
75.07
75.24
72.08
73.23
73.79
72.46
73.5
72.0
72.52
72.69
72.49
72.86
74.3
74.46
72.68
73.39
72.74
72.3
72.73
73.23
72.6
72.97
74.35
74.06
75.88
76.81
77.89
79.2
80.03
79.26
79.3
79.16
80.16
81.48
82.48
80.99
80.83
80.21
82.89
82.98
81.22
81.09
82.28
82.23
82.74
85.28
86.85
85.98
84.81
84.47
81.95
82.35
81.62
79.41
78.1
80.9
79.96
80.74
80.3
79.79
80.28
81.88
81.25
81.23
81.66
81.89
79.55
78.41
78.86
76.8
74.63
75.63
75.69
74.34
76.03
79.43
79.15
77.96
77.28
77.26
77.65
80.19
79.33
78.74
79.16
78.11
77.95
77.46
78.12
77.47
76.23
74.69
73.69
75.2
75.65
79.12
77.58
76.4
73.18
74.1
76.57
73.98
76.7
75.29
76.99
77.85
76.29
74.59
78.48
79.83
80.08
81.16
80.08
79.35
79.6
81.03
81.22
82.0
82.45
82.5
82.39
81.23
81.52
82.01
81.75
80.15
81.28
82.7
82.4
82.29
84.46
82.63
82.4
82.18
82.19
82.41
82.82
82.87
84.1
84.2
83.62
84.12
83.75
83.98
84.22
84.53
84.52
83.59
82.96
83.16
82.21
83.31
82.37
83.21
83.32
84.35
84.83
85.43
84.97
85.78
86.21
86.8
86.79
87.53
87.33
87.63
88.46
88.03
88.4
89.13
88.11
87.94
88.04
88.51
88.57
90.0
88.81
89.67
88.66
89.57
89.53
89.35
90.11
89.74
89.6
89.67
90.26
89.8
90.01
89.02
89.24
88.53
88.37
89.34
90.71
90.79
90.67
89.98
90.59
90.43
90.16
91.22
90.72
91.12
91.53
91.17
91.8
89.39
88.86
90.91
92.46
93.74
93.84
93.02
94.09
92.96
93.54
93.89
94.95
94.88
94.95
95.12
94.82
94.47
93.93
93.85
94.01
92.2
91.53
90.91
90.2
88.95
85.86
87.04
87.49
87.48
87.56
88.59
88.71
86.41
86.72
87.85
87.81
87.92
88.11
88.91
87.8
87.99
87.72
88.02
87.46
87.27
87.84
87.52
87.14
86.84
87.42
88.57
88.24
89.05
86.84
87.29
85.21
84.6
85.08
84.03
83.83
82.54
83.3
83.54
83.45
83.06
83.24
86.9
86.46
87.28
87.05
86.25
87.0
87.04
86.74
88.44
87.74
87.13
86.56
86.54
86.54
86.77
87.17
87.21
86.62
86.91
86.72
87.09
86.92
84.78
83.32
83.65
83.45
83.66
83.57
85.45
85.31
86.25
87.05
85.67
85.28
86.82
85.75
85.23
85.28
86.49
86.68
86.92
87.12
86.47
85.9
87.3
87.24
87.04
87.48
87.56
88.07
88.32
89.0
90.98
92.58
90.58
90.89
91.18
90.42
90.43
90.28
90.87
90.71
90.75
90.3
90.35
90.26
90.89
89.89
88.55
88.5
87.04
85.93
86.81
86.34
86.35
87.36
86.28
84.73
85.89
84.97
85.09
85.34
85.6
85.51
84.86
83.89
82.94
83.45
83.54
83.31
82.77
81.48
81.84
82.52
83.0
82.82
83.16
82.3
81.76
81.89
80.93
81.78
81.08
81.54
81.32
83.02
83.3
82.46
82.83
82.52
81.03
81.67
81.61
81.42
80.99
82.0
82.07
82.0
82.0
81.83
81.76
81.86
81.23
81.25
81.84
82.02
83.7
82.01
82.07
82.37
82.53
83.01
82.76
83.13
82.84
82.97
81.69
81.58
81.05
80.49
81.01
80.69
81.11
81.73
81.4
81.26
81.65
82.06
82.05
82.7
81.64
82.02
82.89
82.31
81.91
82.61
82.55
82.8
82.55
81.99
81.75
81.93
82.29
82.58
82.29
81.75
81.55
81.1
80.5
80.7
79.5
80.12
81.21
80.91
80.62
82.13
82.93
82.96
82.07
82.26
83.49
82.76
82.31
81.44
81.08
81.61
81.24
81.11
81.53
80.7
80.73
82.1
80.85
80.12
80.22
80.16
80.6
80.96
80.97
81.28
80.86
80.6
80.85
80.86
80.12
79.87
80.27
80.37
80.83
79.6
80.04
80.17
80.6
80.49
80.21
80.16
79.96
80.21
78.97
78.21
78.23
78.04
77.47
76.26
76.64
76.38
76.74
76.61
76.33
76.72
76.47
76.45
76.1
76.33
76.57
77.18
78.78
79.03
78.82
79.25
79.5
79.77
80.09
80.07
80.09
80.22
80.55
79.89
79.92
80.98
80.89
81.43
82.19
81.98
81.63
81.76
81.79
82.02
81.71
82.03
82.26
82.6
82.43
82.41
82.81
82.96
82.76
82.74
83.11
83.24
83.47
83.195
83.47
83.71
83.54
83.35
83.87
83.53
83.18
83.75
83.58
83.47
83.97
82.94
82.89
82.24
81.21
80.56
80.24
80.55
80.87
81.1
81.42
81.11
81.67
82.27
83.29
83.46
83.57
82.89
82.28
82.55
82.66
83.03
82.76
83.12
82.9
83.03
82.94
82.44
82.87
83.85
83.97
83.98
83.9
84.02
83.64
85.03
86.7
86.82
86.75
87.14
86.77
86.08
86.93
87.52
86.97
88.0
87.43
87.15
88.25
88.3
88.53
88.37
89.0
88.01
86.78
87.3
89.07
84.53
79.72
78.35
76.94
76.07
75.78
76.42
76.3
76.46
76.21
76.54
75.75
74.89
75.86
77.53
78.84
77.5
75.74
75.2
75.55
76.27
76.18
74.26
74.12
74.56
75.24
74.53
73.6
74.42
75.12
74.15
73.99
75.04
73.5
72.89
74.0
73.7
72.81
74.61
73.22
75.02
74.87
76.02
74.87
74.87
77.07
77.43
77.22
77.84
78.54
78.33
79.22
79.42
79.0
79.57
78.35
79.5
80.86
77.79
77.75
76.95
76.8
76.54
76.9
77.74
78.09
79.93
81.72
81.28
81.83
81.79
82.02
81.88
81.3
82.28
81.64
82.15
80.27
78.71
78.42
81.5
81.24
81.83
80.97
80.68
82.06
82.88
83.6
83.1
82.42
81.51
81.89
80.66
80.82
80.7
80.45
79.69
81.38
79.74
80.64
81.71
81.97
82.73
81.76
82.24
82.31
82.33
82.9
83.66
82.59
82.69
83.31
82.49
82.31
82.22
82.01
81.4
81.4
83.01
83.59
84.24
81.92
81.74
81.51
80.39
79.91
80.2
80.18
81.27
80.73
80.32
79.42
78.56
78.31
76.94
78.0
78.26
78.81
78.83
79.96
79.08
(1672, 676)
[1, 0, 0, 0, 0, 0, 0, 0, 0, 0, 0, 0, 1, 1, 1, 1, 1, 1, 1, 1, 1, 1, 1, 1, 0, 0, 1, 1, 1, 0, 0, 0, 0, 1, 0, 0, 0, 0, 0, 0, 0, 0, 0, 1, 1, 1, 1, 1, 1, 1, 1, 1, 1, 1, 1, 1, 1, 1, 1, 1, 1, 1, 1, 1, 1, 1, 1, 1, 1, 1, 1, 1, 1, 1, 0, 0, 0, 0, 0, 0, 0, 0, 0, 0, 0, 0, 0, 0, 0, 0, 0, 0, 0, 0, 0, 0, 0, 0, 0, 0, 0, 0, 0, 0, 0, 0, 0, 0, 1, 0, 0, 0, 0, 1, 0, 0, 0, 1, 1, 1, 1, 1, 1, 0, 1, 0, 0, 0, 0, 0, 0, 0, 1, 1, 0, 0, 1, 1, 1, 1, 1, 1, 1, 1, 1, 1, 1, 1, 0, 0, 0, 0, 0, 0, 0, 0, 0, 0, 0, 1, 1, 1, 1, 1, 1, 1, 1, 1, 1, 1, 1, 0, 1, 0, 0, 1, 1, 0, 0, 0, 0, 0, 0, 0, 0, 0, 0, 1, 1, 1, 1, 1, 1, 1, 1, 1, 1, 0, 0, 0, 0, 0, 0, 0, 0, 0, 0, 0, 0, 0, 0, 1, 1, 0, 1, 1, 0, 0, 0, 0, 0, 0, 0, 0, 0, 0, 1, 1, 0, 0, 0, 0, 0, 0, 0, 0, 0, 0, 0, 0, 0, 0, 0, 0, 0, 1, 0, 1, 1, 1, 1, 1, 1, 1, 1, 1, 1, 1, 1, 1, 1, 1, 1, 1, 1, 1, 1, 1, 1, 1, 1, 1, 1, 1, 1, 1, 1, 1, 1, 1, 1, 1, 1, 1, 1, 1, 1, 1, 1, 1, 1, 1, 1, 1, 1, 0, 0, 0, 0, 0, 0, 0, 0, 0, 0, 0, 0, 1, 1, 1, 1, 1, 1, 1, 1, 1, 1, 1, 0, 0, 0, 0, 1, 1, 1, 1, 1, 1, 1, 1, 1, 1, 1, 1, 1, 1, 1, 1, 1, 1, 1, 1, 1, 1, 1, 1, 1, 1, 0, 0, 1, 0, 0, 0, 0, 0, 0, 0, 0, 0, 0, 0, 0, 0, 0, 1, 1, 1, 0, 0, 0, 0, 1, 0, 0, 0, 0, 0, 0, 0, 0, 0, 0, 1, 0, 0, 0, 0, 0, 1, 0, 1, 1, 1, 1, 1, 1, 1, 1, 1, 1, 1, 1, 1, 1, 1, 1, 1, 1, 0, 0, 0, 0, 0, 0, 0, 0, 1, 1, 1, 1, 1, 1, 1, 1, 1, 1, 1, 0, 0, 0, 0, 0, 0, 0, 0, 1, 1, 1, 1, 1, 1, 1, 0, 0, 1, 0, 0, 0, 0, 0, 1, 1, 1, 1, 1, 1, 1, 1, 1, 1, 1, 1, 0, 1, 0, 0, 0, 0, 0, 1, 1, 0, 0, 0, 0, 0, 0, 0, 0, 0, 0, 0, 0, 0, 0, 0, 0, 0, 0, 0, 0, 1, 1, 1, 1, 1, 1, 1, 1, 1, 1]
(1672,)
(1672, 676)
(1170, 676)
(1170,)
(502, 676)
(502,)
[1 0 0 0 0 0 0 0 0 0 0 0 1 1 1 1 1 1 1 1 1 1 1 1 0 0 1 1 1 0 0 0 0 1 0 0 0
 0 0 0 0 0 0 1 1 1 1 1 1 1 1 1 1 1 1 1 1 1 1 1 1 1 1 1 1 1 1 1 1 1 1 1 1 1
 0 0 0 0 0 0 0 0 0 0 0 0 0 0 0 0 0 0 0 0 0 0 0 0 0 0 0 0 0 0 0 0 0 0 1 0 0
 0 0 1 0 0 0 1 1 1 1 1 1 0 1 0 0 0 0 0 0 0 1 1 0 0 1 1 1 1 1 1 1 1 1 1 1 1
 0 0 0 0 0 0 0 0 0 0 0 1 1 1 1 1 1 1 1 1 1 1 1 0 1 0 0 1 1 0 0 0 0 0 0 0 0
 0 0 1 1 1 1 1 1 1 1 1 1 0 0 0 0 0 0 0 0 0 0 0 0 0 0 1 1 0 1 1 0 0 0 0 0 0
 0 0 0 0 1 1 0 0 0 0 0 0 0 0 0 0 0 0 0 0 0 0 0 1 0 1 1 1 1 1 1 1 1 1 1 1 1
 1 1 1 1 1 1 1 1 1 1 1 1 1 1 1 1 1 1 1 1 1 1 1 1 1 1 1 1 1 1 1 1 1 1 1 1 0
 0 0 0 0 0 0 0 0 0 0 0 1 1 1 1 1 1 1 1 1 1 1 0 0 0 0 1 1 1 1 1 1 1 1 1 1 1
 1 1 1 1 1 1 1 1 1 1 1 1 1 1 1 0 0 1 0 0 0 0 0 0 0 0 0 0 0 0 0 0 1 1 1 0 0
 0 0 1 0 0 0 0 0 0 0 0 0 0 1 0 0 0 0 0 1 0 1 1 1 1 1 1 1 1 1 1 1 1 1 1 1 1
 1 1 0 0 0 0 0 0 0 0 1 1 1 1 1 1 1 1 1 1 1 0 0 0 0 0 0 0 0 1 1 1 1 1 1 1 0
 0 1 0 0 0 0 0 1 1 1 1 1 1 1 1 1 1 1 1 0 1 0 0 0 0 0 1 1 0 0 0 0 0 0 0 0 0
 0 0 0 0 0 0 0 0 0 0 0 1 1 1 1 1 1 1 1 1 1]
